  1.00   2.04
  2.00   2.13
  3.00   2.33
  4.00   2.45
  5.00   2.42
  6.00   2.43
  7.00   2.39
  8.00   2.28
  9.00   2.11
 10.00   2.56
 11.00   2.43
 12.00   2.29
 13.00   2.44
 14.00   2.64
 15.00   2.72
 16.00   2.42
 17.00   2.41
 18.00   2.45
 19.00   2.86
 20.00   2.61
 21.00   2.74
 22.00   2.46
 23.00   2.76
 24.00   2.75
 25.00   2.61
 26.00   2.67
 27.00   2.67
 28.00   2.95
 29.00   2.92
 30.00   2.63
 31.00   2.88
 32.00   2.88
 33.00   3.04
 34.00   2.81
 35.00   3.06
 36.00   2.83
 37.00   3.17
 38.00   3.01
 39.00   2.74
 40.00   2.95
 41.00   3.52
 42.00   3.15
 43.00   3.25
 44.00   3.32
 45.00   3.09
 46.00   3.20
 47.00   3.21
 48.00   2.94
 49.00   3.22
 50.00   3.25
 51.00   3.13
 52.00   3.19
 53.00   3.22
 54.00   3.25
 55.00   3.20
 56.00   3.10
 57.00   3.37
 58.00   3.33
 59.00   3.18
 60.00   3.24
 61.00   3.41
 62.00   3.42
 63.00   3.34
 64.00   3.50
 65.00   3.68
 66.00   3.10
 67.00   3.41
 68.00   3.43
 69.00   3.24
 70.00   3.32
 71.00   3.52
 72.00   3.54
 73.00   3.37
 74.00   3.54
 75.00   3.23
 76.00   3.56
 77.00   3.46
 78.00   3.56
 79.00   3.54
 80.00   3.72
 81.00   3.72
 82.00   3.70
 83.00   3.46
 84.00   3.53
 85.00   3.78
 86.00   3.74
 87.00   3.61
 88.00   3.99
 89.00   3.72
 90.00   3.69
 91.00   3.70
 92.00   3.65
 93.00   3.75
 94.00   3.72
 95.00   4.05
 96.00   4.01
 97.00   3.75
 98.00   3.73
 99.00   3.54
100.00   3.50
101.00   3.61
102.00   3.32
103.00   3.70
104.00   3.74
105.00   3.87
106.00   3.80
107.00   3.84
108.00   3.86
109.00   4.08
110.00   3.68
111.00   4.02
112.00   3.98
113.00   3.67
114.00   4.01
115.00   3.57
116.00   3.63
117.00   3.75
118.00   4.02
119.00   4.04
120.00   3.86
121.00   3.90
122.00   3.81
123.00   4.17
124.00   3.90
125.00   3.76
126.00   3.83
127.00   3.98
128.00   3.91
129.00   3.91
130.00   4.22
131.00   3.88
132.00   3.71
133.00   4.10
134.00   4.00
135.00   4.08
136.00   4.15
137.00   4.01
138.00   3.90
139.00   4.16
140.00   4.06
141.00   4.00
142.00   3.68
143.00   4.01
144.00   4.24
145.00   4.03
146.00   3.83
147.00   3.87
148.00   4.24
149.00   3.93
150.00   3.97
151.00   4.17
152.00   4.12
153.00   4.03
154.00   4.08
155.00   4.14
156.00   3.90
157.00   3.94
158.00   3.94
159.00   3.72
160.00   3.94
161.00   4.22
162.00   4.07
163.00   4.04
164.00   3.93
165.00   4.16
166.00   3.95
167.00   3.82
168.00   3.94
169.00   3.98
170.00   4.06
171.00   4.02
172.00   4.08
173.00   4.17
174.00   3.89
175.00   3.79
176.00   4.31
177.00   4.04
178.00   4.13
179.00   4.27
180.00   4.10
181.00   4.14
182.00   3.91
183.00   3.83
184.00   3.91
185.00   3.91
186.00   4.28
187.00   4.14
188.00   4.21
189.00   4.24
190.00   4.10
191.00   3.99
192.00   4.23
193.00   4.24
194.00   4.05
195.00   3.94
196.00   3.93
197.00   4.02
198.00   4.08
199.00   4.23
200.00   3.77
201.00   4.31
202.00   4.14
203.00   3.89
204.00   3.98
205.00   3.99
206.00   4.05
207.00   3.92
208.00   4.20
209.00   4.32
210.00   4.01
211.00   4.24
212.00   4.14
213.00   3.95
214.00   4.08
215.00   4.23
216.00   4.05
217.00   4.39
218.00   3.87
219.00   4.12
220.00   3.88
221.00   3.94
222.00   4.14
223.00   4.19
224.00   4.07
225.00   3.88
226.00   4.31
227.00   4.15
228.00   3.93
229.00   4.28
230.00   4.17
231.00   4.18
232.00   4.07
233.00   4.28
234.00   4.23
235.00   4.16
236.00   4.11
237.00   4.20
238.00   4.44
239.00   3.96
240.00   4.00
241.00   4.18
242.00   4.13
243.00   4.06
244.00   4.26
245.00   4.12
246.00   4.00
247.00   4.10
248.00   4.24
249.00   4.38
250.00   4.08
251.00   4.34
252.00   4.12
253.00   3.85
254.00   4.18
255.00   4.22
256.00   4.29
257.00   4.06
258.00   4.23
259.00   3.97
260.00   4.23
261.00   4.09
262.00   4.34
263.00   4.36
264.00   4.02
265.00   4.17
266.00   4.09
267.00   3.93
268.00   4.07
269.00   4.21
270.00   3.87
271.00   4.32
272.00   4.05
273.00   4.24
274.00   4.07
275.00   3.89
276.00   4.06
277.00   3.91
278.00   4.17
279.00   4.11
280.00   4.35
281.00   3.83
282.00   3.91
283.00   4.15
284.00   4.14
285.00   3.99
286.00   4.11
287.00   4.01
288.00   4.10
289.00   4.02
290.00   4.11
291.00   4.33
292.00   4.31
293.00   4.26
294.00   4.22
295.00   4.23
296.00   4.26
297.00   4.18
298.00   4.10
299.00   4.14
300.00   4.26
301.00   4.09
302.00   4.38
303.00   4.21
304.00   4.13
305.00   4.24
306.00   3.95
307.00   4.22
308.00   4.20
309.00   4.29
310.00   4.23
311.00   4.20
312.00   4.05
313.00   4.10
314.00   4.20
315.00   4.12
316.00   4.11
317.00   4.05
318.00   4.16
319.00   4.16
320.00   3.98
321.00   4.49
322.00   3.96
323.00   4.04
324.00   4.04
325.00   4.03
326.00   4.09
327.00   4.06
328.00   3.99
329.00   4.10
330.00   3.86
331.00   4.13
332.00   4.15
333.00   4.17
334.00   4.10
335.00   3.98
336.00   4.18
337.00   3.97
338.00   4.29
339.00   3.81
340.00   4.14
341.00   3.91
342.00   4.05
343.00   4.08
344.00   4.16
345.00   4.13
346.00   3.76
347.00   3.96
348.00   4.36
349.00   3.85
350.00   4.16
351.00   4.41
352.00   4.08
353.00   4.24
354.00   3.85
355.00   4.07
356.00   3.87
357.00   4.04
358.00   3.89
359.00   4.03
360.00   4.29
361.00   4.25
362.00   4.43
363.00   4.35
364.00   4.30
365.00   4.19
